660902
667501
682002
703101
705701
725401
742601
744701
746501
748701
751301
761001
765801
767601
782101
786901
788701
793501
803201
809801
814601
850201
852001
866501
871301
877901
886301
887601
892401
894201
1604501
1610201
1618101
1619401
1638701
1639201
1644001
1657201
1665601
1708601
1710401
1711701
1711802
1724501
1726201
1726301
1738101
1739401
1743401
1746001
1750801
1765301
2496301
2509501
2511701
2522201
2539401
2543301
2545101
2545901
2547301
2551701
2555701
2556501
2557801
2564401
2581601
2585501
2595201
2606601
2623701
2642201
2644001
2646201
3311202
3319201
3357401
3370601
3377202
3378501
3385101
3386401
3507201
4226401
5108601
5127001
5128301
