169001
169801
170301
171101
171601
172501
173001
173801
176401
178201
184801
186101
209901
211201
216501
217801
224401
899001
908701
914001
914801
920101
929801
934601
936401
941201
950901
993101
1004501
1005801
1041901
1046701
1056401
1060301
1063001
1067801
1070401
1793001
1818601
1862901
1932001
2663301
2663801
2665101
2665901
2667301
2668601
2670401
2671201
2673001
2675201
2680501
2680901
2682201
2684401
2693601
2694101
2695001
2695501
2720001
2720501
2727101
2731901
2739001
2741601
2742901
2744201
2758301
2765301
2779401
2781201
2792501
2797801
2799101
2800401
2800501
2814101
2815401
2815501
3569701
3570501
3576301
3577101
3581501
3582401
3582902
3585001
3589001
3590301
3591602
3592901
3594701
3595601
3596901
3598201
3599501
3601301
3603501
3604801
3609301
3616701
3624601
3625901
3626401
3627201
3628501
3631201
3631702
3632501
3633001
3633801
3635101
3636401
3637801
3639101
3639601
3640401
3641701
3644401
3645702
3648302
3649602
3651001
3651501
3652301
3654902
3656201
3658901
3660701
3662001
3663301
3664601
3666801
3667302
3668601
3673401
3679101
3681301
3685701
3687001
3687901
3689201
3691801
3693601
3695801
3697101
3702401
3703701
3709001
3710301
3717402
3718701
3724002
3725301
3731901
3750302
4633901
